image: residence1.pgm
resolution: 0.050000
origin: [-15.430505, -23.673537, 0.000000]
negate: 0
occupied_thresh: 0.65
free_thresh: 0.196

